0.000000000000000000e+00 1.406232738494873047e+01 0.000000000000000000e+00
1.000000000000000000e+00 2.279492187500000000e+01 8.745903278118839497e-01
2.000000000000000000e+00 1.121853160858154297e+01 5.240708839011820608e-01
3.000000000000000000e+00 1.103479671478271484e+01 8.310727820323186854e-02
4.000000000000000000e+00 1.511427211761474609e+01 6.726713000103533291e-02
5.000000000000000000e+00 3.482614898681640625e+01 9.431351923735396825e-02
6.000000000000000000e+00 3.997366333007812500e+01 6.862377751133795500e-02
7.000000000000000000e+00 1.546074066162109375e+02 2.559108156374954868e-02
8.000000000000000000e+00 1.740548553466796875e+02 1.269280091955488944e-02
9.000000000000000000e+00 1.999625701904296875e+02 1.292734712573744872e-02
1.000000000000000000e+01 1.909958496093750000e+02 1.198937189108489031e-02
1.100000000000000000e+01 1.998511199951171875e+02 1.125778824545089520e-02
1.200000000000000000e+01 1.220297470092773438e+02 3.314841652010636769e-02
1.300000000000000000e+01 2.000783843994140625e+02 1.170435989894028604e-02
1.400000000000000000e+01 1.661346435546875000e+02 1.350416162206675118e-02
