0.000000000000000000e+00 -3.186964416503906250e+02 0.000000000000000000e+00
1.000000000000000000e+00 -1.736696929931640625e+02 5.802982288816729145e-02
2.000000000000000000e+00 -1.536049957275390625e+02 1.469545456350457857e-01
3.000000000000000000e+00 -1.608530426025390625e+02 7.362985090137276478e-02
4.000000000000000000e+00 -1.768335876464843750e+02 6.874536518472113000e-02
5.000000000000000000e+00 -1.373944549560546875e+02 4.284980200520838167e-02
6.000000000000000000e+00 -1.391310577392578125e+02 2.917110434071872038e-02
7.000000000000000000e+00 -1.352900238037109375e+02 7.861629699807858029e-02
8.000000000000000000e+00 -1.471783447265625000e+02 5.074361719992703801e-02
9.000000000000000000e+00 -1.303298187255859375e+02 4.157737622839140917e-02
1.000000000000000000e+01 -1.117045593261718750e+02 4.608691093035419822e-02
1.100000000000000000e+01 -1.727294464111328125e+02 8.565098915123030288e-02
1.200000000000000000e+01 -1.133746643066406250e+02 6.299220592215969139e-02
1.300000000000000000e+01 -1.164124755859375000e+02 5.866054057829089147e-02
1.400000000000000000e+01 -1.137868270874023438e+02 4.078259109983035924e-02
1.500000000000000000e+01 -1.236951293945312500e+02 4.593434194381471741e-02
1.600000000000000000e+01 -1.005075378417968750e+02 5.079376951240111016e-02
1.700000000000000000e+01 -8.331204986572265625e+01 4.328053650023678395e-02
1.800000000000000000e+01 -1.139922790527343750e+02 4.667206499538672365e-02
1.900000000000000000e+01 -1.184424743652343750e+02 5.224438817840423160e-02
2.000000000000000000e+01 -1.539093933105468750e+02 1.020456389435337313e-01
2.100000000000000000e+01 -1.036556854248046875e+02 2.130111883135273748e-02
2.200000000000000000e+01 -9.263307189941406250e+01 3.760451590132887073e-02
2.300000000000000000e+01 -1.324114990234375000e+02 7.263462261236476591e-02
2.400000000000000000e+01 -8.941488647460937500e+01 2.364671811935551912e-02
2.500000000000000000e+01 -1.186598129272460938e+02 4.233749303203950681e-02
2.600000000000000000e+01 -1.442021636962890625e+02 9.227092669519164347e-02
2.700000000000000000e+01 -8.950122070312500000e+01 2.804737266119310818e-02
2.800000000000000000e+01 -8.371007537841796875e+01 2.062038508371610845e-02
2.900000000000000000e+01 -1.233240051269531250e+02 5.395957084124385766e-02
3.000000000000000000e+01 -7.786102294921875000e+01 3.022266219081230776e-02
3.100000000000000000e+01 -1.390946350097656250e+02 9.872849998647535708e-02
3.200000000000000000e+01 -1.146865615844726562e+02 8.458873170093972327e-02
3.300000000000000000e+01 -7.970619201660156250e+01 3.797269557206622154e-02
3.400000000000000000e+01 -8.905836486816406250e+01 2.162229943627279674e-02
3.500000000000000000e+01 -6.676655578613281250e+01 1.930659389910578672e-02
3.600000000000000000e+01 -9.302891540527343750e+01 2.160782023774038274e-02
3.700000000000000000e+01 -7.805072784423828125e+01 1.968458172080025936e-02
3.800000000000000000e+01 -9.712525939941406250e+01 2.837792948417594899e-02
3.900000000000000000e+01 -8.533074951171875000e+01 1.790612685500832246e-02
4.000000000000000000e+01 -8.967152404785156250e+01 1.923840626376717433e-02
4.100000000000000000e+01 -7.409779357910156250e+01 1.781788780095231242e-02
4.200000000000000000e+01 -7.927656555175781250e+01 1.729153609372173842e-02
4.300000000000000000e+01 -1.387317199707031250e+02 6.209182288049524406e-02
4.400000000000000000e+01 -8.305979156494140625e+01 1.858755499234810565e-02
4.500000000000000000e+01 -7.140495300292968750e+01 2.398338380898029989e-02
4.600000000000000000e+01 -2.177895812988281250e+02 1.231043162385640072e-01
4.700000000000000000e+01 -7.148179626464843750e+01 1.436171099150357691e-02
4.800000000000000000e+01 -8.764958190917968750e+01 1.565967076528012453e-02
4.900000000000000000e+01 -8.013869476318359375e+01 1.359898666479282189e-02
5.000000000000000000e+01 -7.288622283935546875e+01 1.865112316413288646e-02
5.100000000000000000e+01 -6.900111389160156250e+01 1.336614259843573946e-02
5.200000000000000000e+01 -7.052365112304687500e+01 1.252466086526879754e-02
5.300000000000000000e+01 -8.507032012939453125e+01 1.801790733740461434e-02
5.400000000000000000e+01 -7.291477203369140625e+01 1.282580132292783157e-02
5.500000000000000000e+01 -7.881179046630859375e+01 1.276514959297942245e-02
5.600000000000000000e+01 -7.166241455078125000e+01 1.033328325960350402e-02
5.700000000000000000e+01 -6.891482543945312500e+01 9.456557579455029949e-03
5.800000000000000000e+01 -8.451995849609375000e+01 1.519547067208549228e-02
5.900000000000000000e+01 -7.502187347412109375e+01 1.013501062212874247e-02
6.000000000000000000e+01 -8.183058929443359375e+01 1.099367773146175606e-02
6.100000000000000000e+01 -7.433451080322265625e+01 9.786840640511705949e-03
6.200000000000000000e+01 -6.847890472412109375e+01 1.077158670249855205e-02
6.300000000000000000e+01 -6.342778778076171875e+01 1.038302206326133757e-02
6.400000000000000000e+01 -7.888684082031250000e+01 1.020736164121627959e-02
6.500000000000000000e+01 -8.031472015380859375e+01 1.337785670255970012e-02
6.600000000000000000e+01 -7.392217254638671875e+01 8.851039778806416708e-03
6.700000000000000000e+01 -1.106549835205078125e+02 2.364374173249668420e-02
6.800000000000000000e+01 -7.332488250732421875e+01 1.183633449302409768e-02
6.900000000000000000e+01 -9.099068450927734375e+01 1.070258182925896105e-02
7.000000000000000000e+01 -7.192155456542968750e+01 1.429976304773904368e-02
7.100000000000000000e+01 -1.282107391357421875e+02 2.633431478655135285e-02
7.200000000000000000e+01 -8.256110382080078125e+01 8.530895481012190293e-03
7.300000000000000000e+01 -9.703730010986328125e+01 1.108522430823693714e-02
7.400000000000000000e+01 -8.084593963623046875e+01 1.230614990793937880e-02
7.500000000000000000e+01 -7.351628112792968750e+01 1.046502862159939991e-02
7.600000000000000000e+01 -1.175770645141601562e+02 5.564428534483129712e-02
7.700000000000000000e+01 -7.490976715087890625e+01 1.000688386406202966e-02
7.800000000000000000e+01 -7.308361053466796875e+01 1.404073203032959669e-02
7.900000000000000000e+01 -7.079804229736328125e+01 6.930814941285104100e-03
8.000000000000000000e+01 -6.863082122802734375e+01 8.551815636319183914e-03
8.100000000000000000e+01 -7.150804138183593750e+01 1.669815564362340729e-02
8.200000000000000000e+01 -8.048561096191406250e+01 8.116240284601285507e-03
8.300000000000000000e+01 -6.826248931884765625e+01 8.023540954876184211e-03
8.400000000000000000e+01 -7.645840454101562500e+01 2.126657872474852287e-02
8.500000000000000000e+01 -6.261790847778320312e+01 1.462578632806965651e-02
8.600000000000000000e+01 -8.285166931152343750e+01 1.128610092356114800e-02
8.700000000000000000e+01 -9.190160369873046875e+01 1.763349258239819625e-02
8.800000000000000000e+01 -1.156751861572265625e+02 1.602987432124639358e-02
8.900000000000000000e+01 -5.779377746582031250e+01 1.058783531347562944e-02
9.000000000000000000e+01 -6.546648406982421875e+01 7.803037097897176123e-03
9.100000000000000000e+01 -7.037988281250000000e+01 9.276363986704096176e-03
9.200000000000000000e+01 -6.150086975097656250e+01 1.028638384043900969e-02
9.300000000000000000e+01 -8.657162475585937500e+01 1.504408478170260119e-02
9.400000000000000000e+01 -7.317484283447265625e+01 9.622464287992878521e-03
9.500000000000000000e+01 -6.439909362792968750e+01 1.011015901879639897e-02
9.600000000000000000e+01 -6.389559555053710938e+01 6.702851582063849498e-03
9.700000000000000000e+01 -8.103739929199218750e+01 1.022467689521477235e-02
9.800000000000000000e+01 -6.519418334960937500e+01 7.303518693732547265e-03
9.900000000000000000e+01 -6.517044067382812500e+01 8.672526298870199268e-03
1.000000000000000000e+02 -6.970702362060546875e+01 8.815870371504760938e-03
1.010000000000000000e+02 -7.271588134765625000e+01 1.796933988818576883e-02
1.020000000000000000e+02 -7.434140777587890625e+01 1.039074697548817393e-02
1.030000000000000000e+02 -9.494142913818359375e+01 1.186596848699039176e-02
1.040000000000000000e+02 -6.442436981201171875e+01 8.741944713928813393e-03
1.050000000000000000e+02 -8.554977416992187500e+01 1.131461074218222292e-02
1.060000000000000000e+02 -6.969301605224609375e+01 6.841037519883299937e-03
1.070000000000000000e+02 -4.746238708496093750e+01 8.365900169767364128e-03
1.080000000000000000e+02 -1.506417236328125000e+02 4.625160296927457310e-02
1.090000000000000000e+02 -7.750536346435546875e+01 7.651995345258645435e-03
1.100000000000000000e+02 -7.562027740478515625e+01 9.493989139681717135e-03
1.110000000000000000e+02 -5.924623107910156250e+01 8.981415786151259947e-03
1.120000000000000000e+02 -6.129388427734375000e+01 5.595988780133859947e-03
1.130000000000000000e+02 -6.741092681884765625e+01 7.250615615154925447e-03
1.140000000000000000e+02 -8.312815856933593750e+01 1.146678999463243698e-02
1.150000000000000000e+02 -7.599854278564453125e+01 7.888008143861480193e-03
1.160000000000000000e+02 -6.115997314453125000e+01 6.423521558949206109e-03
1.170000000000000000e+02 -9.847943878173828125e+01 1.202936515507682484e-02
1.180000000000000000e+02 -5.564651489257812500e+01 5.513396210702460956e-03
1.190000000000000000e+02 -8.283866882324218750e+01 1.449044929035521456e-02
1.200000000000000000e+02 -5.598706436157226562e+01 5.827079896998208115e-03
1.210000000000000000e+02 -6.020755767822265625e+01 6.964706129988466367e-03
1.220000000000000000e+02 -5.817881774902343750e+01 8.407932133589667012e-03
1.230000000000000000e+02 -7.540796661376953125e+01 8.333979961692784474e-03
1.240000000000000000e+02 -7.062500762939453125e+01 6.988169527966722229e-03
1.250000000000000000e+02 -8.346485900878906250e+01 2.392102738922926089e-02
1.260000000000000000e+02 -5.173966598510742188e+01 1.080608737096239169e-02
1.270000000000000000e+02 -9.238026428222656250e+01 1.228666535807724364e-02
1.280000000000000000e+02 -6.511746215820312500e+01 5.526102341784866652e-03
1.290000000000000000e+02 -8.476983642578125000e+01 9.345725333119043673e-03
1.300000000000000000e+02 -7.028982543945312500e+01 8.971623597693581878e-03
1.310000000000000000e+02 -5.810569763183593750e+01 4.802872577607825849e-03
1.320000000000000000e+02 -1.216490325927734375e+02 1.434396424277991494e-02
1.330000000000000000e+02 -6.007615280151367188e+01 7.286630597803611838e-03
1.340000000000000000e+02 -5.615898895263671875e+01 6.875998966411070445e-03
1.350000000000000000e+02 -4.899121856689453125e+01 9.431757311106167552e-03
1.360000000000000000e+02 -7.278672790527343750e+01 1.204153932269262477e-02
1.370000000000000000e+02 -6.346382522583007812e+01 6.896943442624432763e-03
1.380000000000000000e+02 -1.039568634033203125e+02 1.050063037044636147e-02
1.390000000000000000e+02 -5.034313201904296875e+01 8.613323954033176230e-03
1.400000000000000000e+02 -6.194339752197265625e+01 6.084869204120443333e-03
1.410000000000000000e+02 -5.957647323608398438e+01 8.332567325454297985e-03
1.420000000000000000e+02 -7.250634765625000000e+01 1.306065283540603673e-02
1.430000000000000000e+02 -7.472083282470703125e+01 6.989857702599975089e-03
1.440000000000000000e+02 -4.673023605346679688e+01 6.393387292723865488e-03
1.450000000000000000e+02 -6.831840515136718750e+01 7.717775184173838142e-03
1.460000000000000000e+02 -1.188137893676757812e+02 1.606682426940846814e-02
1.470000000000000000e+02 -1.201632385253906250e+02 2.138313020767532852e-02
1.480000000000000000e+02 -1.721770324707031250e+02 2.395456486545844213e-02
1.490000000000000000e+02 -5.816363906860351562e+01 7.166809477054131988e-03
1.500000000000000000e+02 -5.892455291748046875e+01 6.824516626612862381e-03
1.510000000000000000e+02 -6.534690856933593750e+01 6.281694187137834735e-03
1.520000000000000000e+02 -5.119292068481445312e+01 8.843662001219358346e-03
1.530000000000000000e+02 -8.425986480712890625e+01 1.441290438137466344e-02
1.540000000000000000e+02 -1.149575271606445312e+02 1.569773925901514836e-02
1.550000000000000000e+02 -1.563332672119140625e+02 1.816965379772618114e-02
1.560000000000000000e+02 -7.629705047607421875e+01 8.971426337890735583e-03
1.570000000000000000e+02 -6.179628372192382812e+01 9.676085094498904429e-03
1.580000000000000000e+02 -6.028753280639648438e+01 6.415873470553282859e-03
1.590000000000000000e+02 -7.165728759765625000e+01 5.150407271740257975e-03
1.600000000000000000e+02 -6.721308898925781250e+01 1.029865655932502011e-02
1.610000000000000000e+02 -5.892110443115234375e+01 6.934616023505212751e-03
1.620000000000000000e+02 -6.582686614990234375e+01 6.380759701043566684e-03
1.630000000000000000e+02 -4.739348602294921875e+01 7.260366350764827642e-03
1.640000000000000000e+02 -5.396124267578125000e+01 8.037415281829001987e-03
1.650000000000000000e+02 -6.169711303710937500e+01 7.389565873146292964e-03
1.660000000000000000e+02 -5.515096282958984375e+01 1.037100954980916569e-02
1.670000000000000000e+02 -4.560007095336914062e+01 7.166484803830033661e-03
1.680000000000000000e+02 -5.024198532104492188e+01 6.879597191756478200e-03
1.690000000000000000e+02 -4.769778442382812500e+01 8.701488462898360546e-03
1.700000000000000000e+02 -4.849430084228515625e+01 6.435715524523205090e-03
1.710000000000000000e+02 -9.401142883300781250e+01 1.060468393738014069e-02
1.720000000000000000e+02 -5.081801223754882812e+01 8.520156103232045391e-03
1.730000000000000000e+02 -5.005298233032226562e+01 7.602985008077370842e-03
1.740000000000000000e+02 -5.794118499755859375e+01 5.964049525073836754e-03
1.750000000000000000e+02 -6.183203506469726562e+01 8.397628074554238514e-03
1.760000000000000000e+02 -7.453435516357421875e+01 1.004297357604794043e-02
1.770000000000000000e+02 -6.954733276367187500e+01 8.638573086753175909e-03
1.780000000000000000e+02 -6.236821365356445312e+01 9.330048407147073508e-03
1.790000000000000000e+02 -5.579225921630859375e+01 8.233743518766907868e-03
1.800000000000000000e+02 -4.401770019531250000e+01 9.513736406569318210e-03
1.810000000000000000e+02 -5.586738967895507812e+01 9.824726480531943001e-03
1.820000000000000000e+02 -5.844950866699218750e+01 9.328373061219157394e-03
1.830000000000000000e+02 -4.893898010253906250e+01 6.769159965333410717e-03
1.840000000000000000e+02 -5.596032333374023438e+01 7.759468616581964573e-03
1.850000000000000000e+02 -1.381973571777343750e+02 1.164724381036797915e-02
1.860000000000000000e+02 -6.164777755737304688e+01 6.768690550775622976e-03
1.870000000000000000e+02 -5.331101226806640625e+01 1.005675000691165152e-02
1.880000000000000000e+02 -8.049562835693359375e+01 9.515737900930847093e-03
1.890000000000000000e+02 -4.952252197265625000e+01 6.556287730384185476e-03
1.900000000000000000e+02 -7.078437042236328125e+01 7.053363058493936251e-03
1.910000000000000000e+02 -5.948910903930664062e+01 7.478584020065028558e-03
1.920000000000000000e+02 -4.252293014526367188e+01 7.267820926283146896e-03
1.930000000000000000e+02 -6.497126007080078125e+01 9.169201728651927077e-03
1.940000000000000000e+02 -4.975678634643554688e+01 7.610356920913181195e-03
1.950000000000000000e+02 -1.248003616333007812e+02 1.956341513223851941e-02
1.960000000000000000e+02 -7.054780578613281250e+01 7.327034120369802297e-03
1.970000000000000000e+02 -7.308262634277343750e+01 7.504428476323092567e-03
1.980000000000000000e+02 -4.659458160400390625e+01 6.242392670846336200e-03
1.990000000000000000e+02 -6.466503906250000000e+01 7.717034019291370804e-03
