0.000000000000000000e+00 -1.526500244140625000e+03 0.000000000000000000e+00
1.000000000000000000e+00 -1.656224365234375000e+02 4.368195288140296340e-01
2.000000000000000000e+00 -1.495190734863281250e+02 1.261667769604735978e-01
3.000000000000000000e+00 -1.595374755859375000e+02 1.895007813770984428e-01
4.000000000000000000e+00 -1.315542144775390625e+02 7.858636511254935009e-02
5.000000000000000000e+00 -1.370947265625000000e+02 1.555950319686465189e-01
6.000000000000000000e+00 -1.295948791503906250e+02 4.415294137218596371e-02
7.000000000000000000e+00 -9.413990020751953125e+01 5.291871809930435294e-02
8.000000000000000000e+00 -9.599387359619140625e+01 6.194250342917118762e-02
9.000000000000000000e+00 -8.955168914794921875e+01 4.324314687908181742e-02
1.000000000000000000e+01 -1.152702407836914062e+02 2.718544239478654090e-02
1.100000000000000000e+01 -8.767135620117187500e+01 2.763625133441362930e-02
1.200000000000000000e+01 -3.584267807006835938e+01 1.066130297884490402e-01
1.300000000000000000e+01 -3.902482986450195312e+01 3.245132137911493214e-02
1.400000000000000000e+01 -3.366539382934570312e+01 2.112068575006145407e-02
1.500000000000000000e+01 -4.342723464965820312e+01 2.829264392630029615e-02
1.600000000000000000e+01 -3.679064178466796875e+01 1.480998792503989206e-02
1.700000000000000000e+01 -3.690095520019531250e+01 1.513960913677504620e-02
1.800000000000000000e+01 -3.611328506469726562e+01 1.142939429718306879e-02
1.900000000000000000e+01 -4.335591506958007812e+01 1.254456474579239249e-02
2.000000000000000000e+01 -2.550836944580078125e+01 1.528683637483755076e-01
2.100000000000000000e+01 -2.769586563110351562e+01 1.225785533070454514e-02
2.200000000000000000e+01 -3.665571212768554688e+01 9.521355876769140372e-03
2.300000000000000000e+01 -3.298137664794921875e+01 8.939299227548535079e-03
2.400000000000000000e+01 -2.581996726989746094e+01 9.827378048535787697e-03
2.500000000000000000e+01 -2.988419151306152344e+01 9.098360351379590136e-03
2.600000000000000000e+01 -1.662593078613281250e+01 1.228730105881425082e-02
2.700000000000000000e+01 -3.337404632568359375e+01 1.057268659659664663e-02
2.800000000000000000e+01 -2.784278297424316406e+01 1.109531301846813749e-02
2.900000000000000000e+01 -4.880416870117187500e+01 1.204533169889490662e-02
