0.000000000000000000e+00 -1.505215820312500000e+03 0.000000000000000000e+00
1.000000000000000000e+00 -1.341399169921875000e+03 1.620181583968219652e+00
2.000000000000000000e+00 -1.898621826171875000e+02 4.212956215040249419e-01
3.000000000000000000e+00 -1.950094299316406250e+02 2.497821695027131750e-01
4.000000000000000000e+00 -1.645670318603515625e+02 1.507311841570783684e-01
5.000000000000000000e+00 -1.405068054199218750e+02 1.184265075975983045e-01
6.000000000000000000e+00 -1.792498474121093750e+02 1.301084630059095304e-01
7.000000000000000000e+00 -1.418229370117187500e+02 1.032288647715884078e-01
8.000000000000000000e+00 -1.232940139770507812e+02 7.691444195242451431e-02
9.000000000000000000e+00 -1.596729583740234375e+02 8.905639294564487995e-02
1.000000000000000000e+01 -1.901962280273437500e+02 1.267169635318489418e-01
1.100000000000000000e+01 -2.579307250976562500e+02 1.291830655291911767e-01
1.200000000000000000e+01 -1.659348297119140625e+02 6.888658137072251053e-02
1.300000000000000000e+01 -1.721030578613281250e+02 1.263948106284512596e-01
1.400000000000000000e+01 -1.894076995849609375e+02 1.099993311319225897e-01
1.500000000000000000e+01 -1.431723022460937500e+02 9.846563809680704271e-02
1.600000000000000000e+01 -1.096142425537109375e+02 8.084858617144952131e-02
1.700000000000000000e+01 -8.156027221679687500e+01 6.901356009118096713e-02
1.800000000000000000e+01 -7.608103179931640625e+01 5.937181410763683886e-02
1.900000000000000000e+01 -5.725625610351562500e+01 3.814416471403744152e-02
2.000000000000000000e+01 -8.633579254150390625e+01 4.090837451599463326e-02
2.100000000000000000e+01 -6.639335632324218750e+01 3.933681638266899039e-02
2.200000000000000000e+01 -7.449935150146484375e+01 6.699225340405844109e-02
2.300000000000000000e+01 -4.503341293334960938e+01 3.495788993119358645e-02
2.400000000000000000e+01 -1.513407745361328125e+02 3.123153125924179804e-02
2.500000000000000000e+01 -7.692835998535156250e+01 2.994750149688335528e-02
2.600000000000000000e+01 -1.016769638061523438e+02 2.963548556288230981e-02
2.700000000000000000e+01 -4.086802673339843750e+01 3.151850358124390350e-02
2.800000000000000000e+01 -4.948457336425781250e+01 2.577326265656949486e-02
2.900000000000000000e+01 -5.593125152587890625e+01 3.166599196975410785e-02
